


yyyy/mmdd(or -ddd)/hh.h):2006/-355/12.0LT  geog Lat/Long/Alt= 40.0/ 255.0/ 300.0

NeQuick is used for topside Ne profile
URSI maps are used for the F2 peak density (NmF2)
CCIR maps are used for the F2 peak height (hmF2)
IRI-95 option is used for D-region
ABT-2009 option is used for the bottomside thickness parameter B0
The foF2 STORM model is turned on 
Scotto-97 no L   option is used for the F1 occurrence probability
TBT-2011 option is used for the electron temperature
RBY10+TTS03 option is used for ion composition

Peak Densities/cm-3: NmF2= 559383.6   NmF1=      0.0   NmE=  95611.5
Peak Heights/km:     hmF2=   226.27   hmF1=     0.00   hmE=   110.00

Solar Zenith Angle/degree                              63.5
Dip (Magnetic Inclination)/degree                     66.81
Modip (Modified Dip)/degree                           53.11
Solar Sunspot Number (12-months running mean) Rz12     12.1
Ionospheric-Effective Solar Index IG12                  7.5

TEC [1.E16 m-2] is obtained by numerical integration in 1km steps
  from 50 to 2000.0 km.  t is the percentage of TEC above the F peak.

-
   H   ELECTRON DENSITY   TEMPERATURES         ION PERCENTAGES/%     1E16m-2
   km  Ne/cm-3 Ne/NmF2 Tn/K  Ti/K  Te/K  O+  N+  H+ He+ O2+ NO+ Clust TEC t/%
   0.0      -1 -1.000    -1    -1    -1  -1  -1  -1  -1  -1  -1  -1  13.0  72
   5.0      -1 -1.000    -1    -1    -1  -1  -1  -1  -1  -1  -1  -1  13.0  72
  10.0      -1 -1.000    -1    -1    -1  -1  -1  -1  -1  -1  -1  -1  13.0  72
  15.0      -1 -1.000    -1    -1    -1  -1  -1  -1  -1  -1  -1  -1  13.0  72
  20.0      -1 -1.000    -1    -1    -1  -1  -1  -1  -1  -1  -1  -1  13.0  72
  25.0      -1 -1.000    -1    -1    -1  -1  -1  -1  -1  -1  -1  -1  13.0  72
  30.0      -1 -1.000    -1    -1    -1  -1  -1  -1  -1  -1  -1  -1  13.0  72
  35.0      -1 -1.000    -1    -1    -1  -1  -1  -1  -1  -1  -1  -1  13.0  72
  40.0      -1 -1.000    -1    -1    -1  -1  -1  -1  -1  -1  -1  -1  13.0  72
  45.0      -1 -1.000    -1    -1    -1  -1  -1  -1  -1  -1  -1  -1  13.0  72
  50.0      -1 -1.000    -1    -1    -1  -1  -1  -1  -1  -1  -1  -1  13.0  72
  55.0      -1 -1.000    -1    -1    -1  -1  -1  -1  -1  -1  -1  -1  13.0  72
  60.0      -1 -1.000   238   238   238  -1  -1  -1  -1  -1  -1  -1  13.0  72
  65.0      59  0.000   230   230   230  -1  -1  -1  -1  -1  -1  -1  13.0  72
  70.0     156  0.000   224   224   224  -1  -1  -1  -1  -1  -1  -1  13.0  72
  75.0     275  0.000   219   219   219  -1  -1  -1  -1  -1  -1  -1  13.0  72
  80.0     380  0.001   206   206   206   0   0   0   0   0 100  -1  13.0  72
  85.0     789  0.001   191   191   191   0   0   0   0   1  99  -1  13.0  72
  90.0    8244  0.015   180   180   180   0   0   0   0   7  93  -1  13.0  72
  95.0   34619  0.062   177   177   177   0   0   0   0  25  75  -1  13.0  72
 100.0   71284  0.127   184   184   184   0   0   0   0  44  56  -1  13.0  72
 105.0   92307  0.165   204   204   204   0   0   0   0  51  49  -1  13.0  72
 110.0   95611  0.171   240   240   240   0   0   0   0  45  55  -1  13.0  72
 115.0   90769  0.162   292   292   292   0   0   0   0  39  61  -1  13.0  72
 120.0   86514  0.155   359   359   359   0   0   0   0  39  61  -1  13.0  72
 125.0   93000  0.166   426   426   429   0   0   0   0  41  59  -1  13.0  72
 130.0  110757  0.198   482   482   499   1   0   0   0  42  57  -1  13.0  72
 135.0  132379  0.237   530   530   569   2   0   0   0  41  57  -1  13.0  72
 140.0  154001  0.275   570   570   638   4   0   0   0  39  57  -1  13.0  72
 145.0  175624  0.314   604   604   708   7   0   0   0  37  56  -1  13.0  72
 150.0  197246  0.353   633   633   778  11   0   0   0  35  54  -1  13.0  72
 155.0  221863  0.397   658   658   848  16   0   0   0  33  51  -1  13.0  72
 160.0  248886  0.445   679   679   918  57   0   0   0  20  22  -1  13.0  72
 165.0  277029  0.495   697   697   988  57   0   0   0  20  22  -1  13.0  72
 170.0  305923  0.547   712   712  1058  48   0   0   0  27  24  -1  13.0  72
 175.0  335130  0.599   725   725  1127  58   0   0   0  21  20  -1  13.0  72
 180.0  364149  0.651   736   736  1197  67   0   0   0  17  16  -1  13.0  72
 185.0  392434  0.702   745   745  1267  73   0   0   0  13  13  -1  13.0  72
 190.0  419402  0.750   753   753  1336  79   0   0   0  10  10  -1  13.0  72
 195.0  444461  0.795   759   759  1405  83   0   0   0   8   8  -1  13.0  72
 200.0  467026  0.835   765   765  1471  86   0   0   0   7   7  -1  13.0  72
 205.0  486546  0.870   770   775  1532  89   0   0   0   5   6  -1  13.0  72
 210.0  502528  0.898   774   785  1585  91   0   0   0   4   4  -1  13.0  72
 215.0  514562  0.920   778   795  1626  92   0   0   0   3   4  -1  13.0  72
 220.0  522344  0.934   781   805  1658  94   0   0   0   3   3  -1  13.0  72
 225.0  525696  0.940   783   815  1684  95   0   0   0   2   3  -1  13.0  72
 230.0  525209  0.939   785   825  1708  95   0   0   0   2   2  -1  13.0  72
 235.0  522480  0.934   787   835  1731  96   0   0   0   1   2  -1  13.0  72
 240.0  517767  0.926   789   845  1754  96   0   0   0   1   2  -1  13.0  72
 245.0  511274  0.914   790   854  1777  97   0   0   0   1   1  -1  13.0  72
 250.0  503214  0.900   791   864  1799  97   1   0   0   1   1  -1  13.0  72
 255.0  493799  0.883   792   874  1822  97   1   0   0   1   1  -1  13.0  72
 260.0  483239  0.864   793   884  1844  98   1   0   0   1   1  -1  13.0  72
 265.0  471734  0.843   794   894  1867  98   1   0   0   1   1  -1  13.0  72
 270.0  459472  0.821   794   904  1889  98   1   0   0   0   1  -1  13.0  72
 275.0  446627  0.798   795   914  1912  98   1   0   0   0   1  -1  13.0  72
 280.0  433357  0.775   795   924  1934  98   1   0   0   0   1  -1  13.0  72
 285.0  419805  0.750   796   934  1957  98   1   0   0   0   0  -1  13.0  72
 290.0  406096  0.726   796   944  1979  98   1   0   0   0   0  -1  13.0  72
 295.0  392342  0.701   796   954  2002  98   1   0   0   0   0  -1  13.0  72
 300.0  378635  0.677   797   964  2024  98   1   0   0   0   0  -1  13.0  72
 305.0  365058  0.653   797   974  2047  98   1   0   0   0   0  -1  13.0  72
 310.0  351678  0.629   797   984  2069  98   1   0   0   0   0  -1  13.0  72
 315.0  338550  0.605   797   993  2091  98   1   0   0   0   0  -1  13.0  72
 320.0  325720  0.582   797  1003  2114  98   1   0   0   0   0  -1  13.0  72
 325.0  313221  0.560   797  1013  2136  98   1   0   0   0   0  -1  13.0  72
 330.0  301083  0.538   797  1023  2159  98   1   0   0   0   0  -1  13.0  72
 335.0  289324  0.517   797  1033  2181  98   1   0   0   0   0  -1  13.0  72
 340.0  277959  0.497   798  1043  2204  98   2   0   0   0   0  -1  13.0  72
 345.0  266995  0.477   798  1053  2226  98   2   0   0   0   0  -1  13.0  72
 350.0  256436  0.458   798  1063  2248  98   2   0   0   0   0  -1  13.0  72
 355.0  246282  0.440   798  1073  2270  98   2   0   0   0   0  -1  13.0  72
 360.0  236531  0.423   798  1083  2291  98   2   0   0   0   0  -1  13.0  72
 365.0  227176  0.406   798  1093  2313  98   2   0   0   0   0  -1  13.0  72
 370.0  218210  0.390   798  1103  2334  98   2   0   0   0   0  -1  13.0  72
 375.0  209624  0.375   798  1113  2356  98   2   0   0   0   0  -1  13.0  72
 380.0  201406  0.360   798  1123  2377  98   2   0   0   0   0  -1  13.0  72
 385.0  193547  0.346   798  1133  2398  98   2   0   0   0   0  -1  13.0  72
 390.0  186034  0.333   798  1143  2420  98   2   0   0   0   0  -1  13.0  72
 395.0  178854  0.320   798  1153  2441  97   2   0   0   0   0  -1  13.0  72
 400.0  171995  0.307   798  1163  2462  97   2   0   0   0   0  -1  13.0  72
 405.0  165443  0.296   798  1173  2484  97   2   0   0   0   0  -1  13.0  72
 410.0  159187  0.285   798  1183  2505  97   2   0   0   0   0  -1  13.0  72
 415.0  153213  0.274   798  1194  2526  97   2   0   0   0   0  -1  13.0  72
 420.0  147510  0.264   798  1205  2548  97   2   0   0   0   0  -1  13.0  72
 425.0  142064  0.254   798  1217  2569  97   2   0   0   0   0  -1  13.0  72
 430.0  136865  0.245   798  1229  2591  97   2   0   0   0   0  -1  13.0  72
 435.0  131900  0.236   798  1242  2612  97   2   1   0   0   0  -1  13.0  72
 440.0  127159  0.227   798  1255  2633  97   2   1   0   0   0  -1  13.0  72
 445.0  122632  0.219   798  1269  2655  97   2   1   0   0   0  -1  13.0  72
 450.0  118306  0.211   798  1283  2676  97   2   1   0   0   0  -1  13.0  72
 455.0  114174  0.204   798  1297  2697  96   2   1   0   0   0  -1  13.0  72
 460.0  110226  0.197   798  1312  2719  96   2   1   0   0   0  -1  13.0  72
 465.0  106452  0.190   798  1327  2740  96   3   1   0   0   0  -1  13.0  72
 470.0  102844  0.184   798  1342  2761  96   3   1   0   0   0  -1  13.0  72
 475.0   99395  0.178   798  1356  2783  96   3   1   1   0   0  -1  13.0  72
 480.0   96095  0.172   798  1371  2804  96   3   1   1   0   0  -1  13.0  72
 485.0   92938  0.166   798  1386  2825  96   3   1   1   0   0  -1  13.0  72
 490.0   89917  0.161   798  1401  2847  96   3   1   1   0   0  -1  13.0  72
 495.0   87025  0.156   798  1416  2868  95   3   1   1   0   0  -1  13.0  72
 500.0   84256  0.151   798  1431  2889  95   3   1   1   0   0  -1  13.0  72
 505.0   81603  0.146   798  1446  2911  95   3   1   1   0   0  -1  13.0  72
 510.0   79062  0.141   798  1461  2932  95   3   1   1   0   0  -1  13.0  72
 515.0   76626  0.137   798  1476  2953  95   3   1   1   0   0  -1  13.0  72
 520.0   74291  0.133   798  1491  2974  95   3   2   1   0   0  -1  13.0  72
 525.0   72051  0.129   798  1506  2994  94   3   2   1   0   0  -1  13.0  72
 530.0   69902  0.125   798  1521  3015  94   3   2   1   0   0  -1  13.0  72
 535.0   67840  0.121   798  1536  3034  94   3   2   1   0   0  -1  13.0  72
 540.0   65861  0.118   798  1551  3053  94   3   2   1   0   0  -1  13.0  72
 545.0   63960  0.114   798  1566  3070  94   3   2   1   0   0  -1  13.0  72
 550.0   62134  0.111   798  1581  3087  93   4   2   1   0   0  -1  13.0  72
 555.0   60379  0.108   798  1596  3101  93   4   2   1   0   0  -1  13.0  72
 560.0   58693  0.105   798  1611  3114  93   4   3   1   0   0  -1  13.0  72
 565.0   57071  0.102   798  1626  3127  93   4   3   1   0   0  -1  13.0  72
 570.0   55511  0.099   798  1640  3138  92   4   3   1   0   0  -1  13.0  72
 575.0   54010  0.097   798  1655  3148  92   4   3   1   0   0  -1  13.0  72
 580.0   52566  0.094   798  1670  3159  92   4   3   1   0   0  -1  13.0  72
 585.0   51175  0.091   798  1685  3168  92   4   3   1   0   0  -1  13.0  72
 590.0   49835  0.089   798  1700  3178  91   4   4   1   0   0  -1  13.0  72
 595.0   48545  0.087   798  1715  3188  91   4   4   1   0   0  -1  13.0  72
 600.0   47301  0.085   798  1730  3197  91   4   4   1   0   0  -1  13.0  72
 605.0   46102  0.082   798  1745  3207  90   4   4   1   0   0  -1  13.0  72
 610.0   44946  0.080   798  1760  3216  90   4   4   1   0   0  -1  13.0  72
 615.0   43831  0.078   798  1775  3226  90   4   5   1   0   0  -1  13.0  72
 620.0   42755  0.076   798  1790  3235  89   4   5   1   0   0  -1  13.0  72
 625.0   41716  0.075   798  1805  3245  89   5   5   1   0   0  -1  13.0  72
 630.0   40714  0.073   798  1820  3254  89   5   5   1   0   0  -1  13.0  72
 635.0   39745  0.071   798  1835  3263  88   5   6   1   0   0  -1  13.0  72
 640.0   38810  0.069   798  1850  3273  88   5   6   1   0   0  -1  13.0  72
 645.0   37906  0.068   798  1865  3282  88   5   6   1   0   0  -1  13.0  72
 650.0   37032  0.066   798  1880  3292  88   5   6   1   0   0  -1  13.0  72
 655.0   36187  0.065   798  1895  3301  87   5   6   1   0   0  -1  13.0  72
 660.0   35370  0.063   798  1910  3311  87   5   7   2   0   0  -1  13.0  72
 665.0   34580  0.062   798  1925  3320  87   5   7   2   0   0  -1  13.0  72
 670.0   33815  0.060   798  1940  3330  87   5   7   2   0   0  -1  13.0  72
 675.0   33074  0.059   798  1954  3339  87   5   7   2   0   0  -1  13.0  72
 680.0   32357  0.058   798  1969  3348  86   5   7   2   0   0  -1  13.0  72
 685.0   31663  0.057   798  1984  3358  86   5   7   2   0   0  -1  13.0  72
 690.0   30990  0.055   798  1999  3367  86   5   7   2   0   0  -1  13.0  72
 695.0   30339  0.054   798  2014  3377  86   5   7   2   0   0  -1  13.0  72
 700.0   29707  0.053   798  2029  3386  86   5   7   2   0   0  -1  13.0  72
 705.0   29094  0.052   798  2044  3396  86   5   7   2   0   0  -1  13.0  72
 710.0   28501  0.051   798  2059  3405  86   5   7   2   0   0  -1  13.0  72
 715.0   27924  0.050   798  2074  3414  86   5   7   2   0   0  -1  13.0  72
 720.0   27366  0.049   798  2089  3424  86   5   7   2   0   0  -1  13.0  72
 725.0   26823  0.048   798  2104  3433  86   5   7   2   0   0  -1  13.0  72
 730.0   26297  0.047   798  2119  3443  86   5   7   2   0   0  -1  13.0  72
 735.0   25785  0.046   798  2134  3452  86   5   7   2   0   0  -1  13.0  72
 740.0   25289  0.045   798  2149  3462  86   5   7   2   0   0  -1  13.0  72
 745.0   24807  0.044   798  2164  3471  86   5   7   2   0   0  -1  13.0  72
 750.0   24338  0.044   798  2179  3480  86   5   7   2   0   0  -1  13.0  72
 755.0   23883  0.043   798  2194  3490  86   5   7   2   0   0  -1  13.0  72
 760.0   23440  0.042   798  2209  3499  86   5   7   2   0   0  -1  13.0  72
 765.0   23010  0.041   798  2224  3508  86   5   7   2   0   0  -1  13.0  72
 770.0   22591  0.040   798  2239  3518  85   5   7   2   0   0  -1  13.0  72
 775.0   22184  0.040   798  2254  3527  85   5   7   2   0   0  -1  13.0  72
 780.0   21788  0.039   798  2268  3536  85   5   7   2   0   0  -1  13.0  72
 785.0   21403  0.038   798  2283  3545  85   5   7   2   0   0  -1  13.0  72
 790.0   21028  0.038   798  2298  3554  85   5   7   2   0   0  -1  13.0  72
 795.0   20662  0.037   798  2313  3563  85   5   7   2   0   0  -1  13.0  72
 800.0   20307  0.036   798  2328  3572  85   5   7   3   0   0  -1  13.0  72
 805.0   19961  0.036   798  2343  3581  85   5   7   3   0   0  -1  13.0  72
 810.0   19623  0.035   798  2358  3589  85   5   7   3   0   0  -1  13.0  72
 815.0   19295  0.034   798  2373  3597  85   5   7   3   0   0  -1  13.0  72
 820.0   18974  0.034   798  2388  3605  85   5   7   3   0   0  -1  13.0  72
 825.0   18662  0.033   798  2403  3612  85   5   7   3   0   0  -1  13.0  72
 830.0   18358  0.033   798  2418  3619  85   5   7   3   0   0  -1  13.0  72
 835.0   18061  0.032   798  2433  3626  85   5   7   3   0   0  -1  13.0  72
 840.0   17772  0.032   798  2448  3632  85   5   7   3   0   0  -1  13.0  72
 845.0   17490  0.031   798  2463  3638  85   5   7   3   0   0  -1  13.0  72
 850.0   17214  0.031   798  2478  3642  85   5   7   3   0   0  -1  13.0  72
 855.0   16945  0.030   798  2493  3647  85   5   7   3   0   0  -1  13.0  72
 860.0   16683  0.030   798  2508  3650  85   5   7   3   0   0  -1  13.0  72
 865.0   16427  0.029   798  2523  3653  85   5   7   3   0   0  -1  13.0  72
 870.0   16177  0.029   798  2538  3656  85   5   8   3   0   0  -1  13.0  72
 875.0   15933  0.028   798  2553  3658  85   5   8   3   0   0  -1  13.0  72
 880.0   15695  0.028   798  2568  3660  85   5   8   3   0   0  -1  13.0  72
 885.0   15462  0.028   798  2583  3661  84   5   8   3   0   0  -1  13.0  72
 890.0   15235  0.027   798  2597  3662  84   5   8   3   0   0  -1  13.0  72
 895.0   15013  0.027   798  2612  3663  84   5   8   4   0   0  -1  13.0  72
 900.0   14796  0.026   798  2627  3663  84   5   8   4   0   0  -1  13.0  72
 905.0   14583  0.026   798  2642  3664  84   5   8   4   0   0  -1  13.0  72
 910.0   14376  0.026   798  2657  3664  84   5   8   4   0   0  -1  13.0  72
 915.0   14173  0.025   798  2672  3664  84   5   8   4   0   0  -1  13.0  72
 920.0   13975  0.025   798  2687  3664  84   5   8   4   0   0  -1  13.0  72
 925.0   13781  0.025   798  2702  3664  84   5   8   4   0   0  -1  13.0  72
 930.0   13591  0.024   798  2717  3664  84   5   8   4   0   0  -1  13.0  72
 935.0   13405  0.024   798  2732  3664  84   5   8   4   0   0  -1  13.0  72
 940.0   13224  0.024   798  2747  3664  84   5   8   4   0   0  -1  13.0  72
 945.0   13046  0.023   798  2762  3664  84   5   8   4   0   0  -1  13.0  72
 950.0   12872  0.023   798  2777  3663  83   5   8   4   0   0  -1  13.0  72
 955.0   12702  0.023   798  2792  3663  83   4   8   4   0   0  -1  13.0  72
 960.0   12535  0.022   798  2807  3663  83   4   8   5   0   0  -1  13.0  72
 965.0   12371  0.022   798  2822  3663  83   4   8   5   0   0  -1  13.0  72
 970.0   12212  0.022   798  2837  3662  83   4   8   5   0   0  -1  13.0  72
 975.0   12055  0.022   798  2852  3662  83   4   8   5   0   0  -1  13.0  72
 980.0   11902  0.021   798  2867  3662  83   4   8   5   0   0  -1  13.0  72
 985.0   11751  0.021   798  2882  3662  83   4   8   5   0   0  -1  13.0  72
 990.0   11604  0.021   798  2897  3661  83   4   8   5   0   0  -1  13.0  72
 995.0   11460  0.020   798  2911  3661  83   4   8   5   0   0  -1  13.0  72
1000.0   11318  0.020   798  2926  3661  82   4   8   5   0   0  -1  13.0  72
