Year Mon Day DOY hour Heit(km) Lat  Lon Oden(cm-3) N2den(cm-3) O2den(cm-3) air(gm/cm3) T(K) exoT(K) Heden(cm-3)Arden(cm-3) Hden(cm-3) Nden(cm-3) F107 F107a apdaily  ap0-3 ap3-6 ap6-9 ap9-12 ap12-33 ap33-59
2009  1  1   1 12.00    0.0    0.0    0.0  9.999E-38  1.882E+19  5.047E+18 1.159E-03  301.3   810  1.253E+14  2.249E+17  9.999E-38  9.999E-38   69.3   69.6    7.2    9.0    7.0   12.0    9.0   12.0    2.6
2009  1  1   1 12.00   50.0    0.0    0.0  9.999E-38  1.641E+16  4.402E+15 1.010E-06  263.7   810  1.093E+11  1.962E+14  9.999E-38  9.999E-38   69.3   69.6    7.2    9.0    7.0   12.0    9.0   12.0    2.6
2009  1  1   1 12.00  100.0    0.0    0.0  5.398E+11  9.843E+12  2.467E+12 6.100E-10  179.3   810  1.497E+08  1.017E+11  3.786E+07  1.913E+05   69.3   69.6    7.2    9.0    7.0   12.0    9.0   12.0    2.6
2009  1  1   1 12.00  150.0    0.0    0.0  1.184E+10  2.242E+10  2.540E+09 1.496E-12  612.3   810  1.458E+07  4.527E+07  1.188E+06  1.269E+07   69.3   69.6    7.2    9.0    7.0   12.0    9.0   12.0    2.6
2009  1  1   1 12.00  200.0    0.0    0.0  2.703E+09  1.945E+09  1.441E+08 1.707E-13  760.3   810  8.340E+06  1.451E+06  4.263E+05  2.635E+07   69.3   69.6    7.2    9.0    7.0   12.0    9.0   12.0    2.6
2009  1  1   1 12.00  250.0    0.0    0.0  8.403E+08  2.605E+08  1.437E+07 3.554E-14  797.1   810  5.977E+06  8.366E+04  3.204E+05  1.230E+07   69.3   69.6    7.2    9.0    7.0   12.0    9.0   12.0    2.6
2009  1  1   1 12.00  300.0    0.0    0.0  2.830E+08  3.909E+07  1.647E+06 9.569E-15  806.5   810  4.510E+06  5.621E+03  2.878E+05  4.865E+06   69.3   69.6    7.2    9.0    7.0   12.0    9.0   12.0    2.6
2009  1  1   1 12.00  350.0    0.0    0.0  9.838E+07  6.159E+06  1.996E+05 2.979E-15  808.9   810  3.454E+06  4.035E+02  2.675E+05  1.934E+06   69.3   69.6    7.2    9.0    7.0   12.0    9.0   12.0    2.6
2009  1  1   1 12.00  400.0    0.0    0.0  3.487E+07  1.003E+06  2.510E+04 1.011E-15  809.6   810  2.664E+06  3.032E+01  2.503E+05  7.801E+05   69.3   69.6    7.2    9.0    7.0   12.0    9.0   12.0    2.6
2009  1  1   1 12.00  450.0    0.0    0.0  1.256E+07  1.679E+05  3.259E+03 3.634E-16  809.8   810  2.063E+06  2.371E+00  2.348E+05  3.192E+05   69.3   69.6    7.2    9.0    7.0   12.0    9.0   12.0    2.6
2009  1  1   1 12.00  500.0    0.0    0.0  4.597E+06  2.887E+04  4.362E+02 1.378E-16  809.8   810  1.605E+06  1.926E-01  2.204E+05  1.323E+05   69.3   69.6    7.2    9.0    7.0   12.0    9.0   12.0    2.6
2009  1  1   1 12.00  550.0    0.0    0.0  1.707E+06  5.093E+03  6.012E+01 5.571E-17  809.8   810  1.253E+06  1.622E-02  2.072E+05  5.559E+04   69.3   69.6    7.2    9.0    7.0   12.0    9.0   12.0    2.6
2009  1  1   1 12.00  600.0    0.0    0.0  6.427E+05  9.213E+02  8.528E+00 2.467E-17  809.8   810  9.812E+05  1.417E-03  1.949E+05  2.364E+04   69.3   69.6    7.2    9.0    7.0   12.0    9.0   12.0    2.6
2009  1  1   1 12.00  650.0    0.0    0.0  2.455E+05  1.708E+02  1.244E+00 1.234E-17  809.8   810  7.713E+05  1.281E-04  1.836E+05  1.018E+04   69.3   69.6    7.2    9.0    7.0   12.0    9.0   12.0    2.6
2009  1  1   1 12.00  700.0    0.0    0.0  9.505E+04  3.244E+01  1.865E-01 7.085E-18  809.8   810  6.084E+05  1.199E-05  1.730E+05  4.436E+03   69.3   69.6    7.2    9.0    7.0   12.0    9.0   12.0    2.6
2009  1  1   1 12.00  750.0    0.0    0.0  3.730E+04  6.306E+00  2.872E-02 4.614E-18  809.8   810  4.816E+05  1.160E-06  1.632E+05  1.956E+03   69.3   69.6    7.2    9.0    7.0   12.0    9.0   12.0    2.6
2009  1  1   1 12.00  800.0    0.0    0.0  1.483E+04  1.255E+00  4.542E-03 3.300E-18  809.8   810  3.824E+05  1.160E-07  1.540E+05  8.725E+02   69.3   69.6    7.2    9.0    7.0   12.0    9.0   12.0    2.6
2009  1  1   1 12.00  850.0    0.0    0.0  5.974E+03  2.553E-01  7.368E-04 2.509E-18  809.8   810  3.046E+05  1.198E-08  1.455E+05  3.935E+02   69.3   69.6    7.2    9.0    7.0   12.0    9.0   12.0    2.6
2009  1  1   1 12.00  900.0    0.0    0.0  2.437E+03  5.310E-02  1.226E-04 1.978E-18  809.8   810  2.435E+05  1.276E-09  1.376E+05  1.795E+02   69.3   69.6    7.2    9.0    7.0   12.0    9.0   12.0    2.6
2009  1  1   1 12.00  950.0    0.0    0.0  1.006E+03  1.129E-02  2.091E-05 1.594E-18  809.8   810  1.952E+05  1.402E-10  1.302E+05  8.275E+01   69.3   69.6    7.2    9.0    7.0   12.0    9.0   12.0    2.6
2009  1  1   1 12.00 1000.0    0.0    0.0  4.206E+02  2.451E-03  3.652E-06 1.304E-18  809.8   810  1.569E+05  1.588E-11  1.233E+05  3.856E+01   69.3   69.6    7.2    9.0    7.0   12.0    9.0   12.0    2.6
